Tasks,P-PSO,B-PSO,P-CSA,B-CSA,,,,,
250,18,25,19,22,,,,,
500,24,33,33,39,,,,,
750,36,42,48,58,,,,,
1000,66,80,79,82,,,,,
,,,,,,,,,
,,,,,,,,,
,,,,,,,,,
,,,,,,,,,
,,,,,Tasks,250,500,750,1000
,,,,,P-PSO,18,24,36,66
,,,,,B-PSO,25,33,42,80
,,,,,P-CSA,19,33,48,79
,,,,,B-CSA,22,39,58,82
